1 107.107426 97.934641 0.9143590193270072 1.0
2 64.300626 67.484237 1.5230744565379504 1.4512224684410377
3 50.396706 56.396150 1.943274645767523 1.7365483459420545
4 42.814524 37.646278 2.2874163216202055 2.601442857113258
5 42.520584 38.128362 2.303228972584196 2.5685509647647593
6 38.713006 41.482925 2.5297606959273584 2.3608422260484283
7 36.985544 41.721125 2.647916737415029 2.3473633800622586
8 32.141693 38.446436 3.0469658521099063 2.5473008993603465
9 29.718790 37.808829 3.295377806431554 2.5902585081384033
10 24.150998 32.586316 4.055097060585239 3.005391618985098
11 24.055860 29.031304 4.071134476173373 3.3734151590297152
12 24.222708 28.620679 4.043092167894688 3.421814031735585
13 23.318964 30.299536 4.199785247749428 3.232215866275972
14 23.674306 28.129854 4.13674812685111 3.481519705008067
15 25.001401 30.316276 3.9171661220105225 3.230431105720241
16 27.672341 29.597597 3.5390804485966694 3.3088713587119924
17 24.376753 32.660137 4.017542492226097 2.998598597427806
18 23.581254 31.842586 4.153071800168049 3.0755869199819386
19 25.505372 30.755559 3.8397652463175205 3.1842907163547243
20 23.952915 30.923874 4.0886314254444605 3.1669589974399712
21 25.602984 31.385466 3.8251260478075526 3.1203819309230583
22 25.303255 31.398306 3.87043647151325 3.1191058842473858
23 25.362711 25.175745 3.8613632824976794 3.8900394407394896
24 25.396158 25.838851 3.85627782753596 3.790208821591951
25 21.189568 26.983220 4.621832828304947 3.629464570944461
26 21.669713 25.724055 4.519424922702021 3.8071229827490263
27 22.022349 27.575821 4.447056987426728 3.5514678239316972
28 21.782636 26.779700 4.495995847334546 3.6570477264495125
29 20.744083 26.156459 4.721087984462846 3.7441857477726628
30 22.046160 25.720157 4.442253934472035 3.8076999685499584
31 21.141564 27.151509 4.632327154225676 3.6069686218913284
32 21.802019 25.125686 4.491998699753449 3.8977897359697957
33 21.024340 24.621569 4.658155309512689 3.977595457056372
34 20.621206 25.403024 4.749219856491419 3.8552355420362554
35 21.241217 25.033288 4.61059462835863 3.9121764987483867
36 20.482966 26.247586 4.781272448531135 3.7311865936928448
37 20.924648 25.063695 4.680348314580967 3.9074302891094073
38 21.201232 24.264267 4.619290095971781 4.036167299016286
39 21.001021 27.008255 4.663327606786355 3.62610027934052
40 21.126494 25.092103 4.635631496641136 3.903006495709028
41 21.232981 27.101244 4.612383018663277 3.613658509550336
42 20.705680 25.074681 4.729844226318575 3.905718321999789
43 20.764495 24.857825 4.716447040970657 3.939791232740596
44 20.498933 24.966367 4.777548226534522 3.922662876821445
45 20.602465 24.989325 4.753539976891115 3.9190590782264025
46 20.632854 24.968257 4.7465387483476595 3.9223659464895766
47 22.057156 24.944556 4.4400393686293915 3.926092771504933
48 21.261776 25.023699 4.606136429995312 3.913675632047844
