1 65.298928 66.454700
2 39.697676 43.741999
3 36.855415 35.663450
4 26.510062 30.348244
5 26.529528 28.927244
6 25.018314 27.129900
7 24.371723 26.128446
8 20.704077 24.815554
9 19.845331 25.065140
10 19.472976 22.534098
11 19.258056 23.035352
12 19.276257 21.345489
13 18.675673 22.873649
14 18.697385 22.095019
15 18.460653 22.618183
16 17.893578 20.681721
17 17.427655 23.651763
18 17.489640 23.832835
19 17.094093 23.556771
20 16.911068 22.986585
21 16.678249 23.169940
22 16.644618 22.948123
23 16.553767 22.219669
24 16.560214 22.385098
