1 65.298928 66.454700  64.823172 65.443120
2 39.697676 43.741999  63.124346 40.597312
3 36.855415 35.663450  38.284678 40.415611
4 26.510062 30.348244  27.081295 34.187794
5 26.529528 28.927244  26.885650 30.195535
6 25.018314 27.129900  26.969811 28.857765
7 24.371723 26.128446  26.120166 27.153652
8 20.704077 24.815554  22.199762 25.956543
9 19.845331 25.065140  21.581685 24.317935
10 19.472976 22.534098 21.552767 23.089581
11 19.258056 23.035352 21.596971 23.441118
12 19.276257 21.345489 21.685093 21.706421
13 18.675673 22.873649 20.803358 22.743365
14 18.697385 22.095019 20.833591 22.294642
15 18.460653 22.618183 20.662322 22.093842
16 17.893578 20.681721 18.765637 21.607848
17 17.427655 23.651763 18.787918 20.384794
18 17.489640 23.832835 18.769339 20.546427
19 17.094093 23.556771 18.841862 21.022219
20 16.911068 22.986585 18.816180 20.095699
21 16.678249 23.169940 18.847526 19.982851
22 16.644618 22.948123 18.853584 20.211048
23 16.553767 22.219669 18.874259 19.681097
24 16.560214 22.385098 18.849551 19.927533
