1  66.454700 68.192731
2  43.741999 42.363788
3  35.663450 36.542528
4  30.348244 32.526070
5  28.927244 32.074753
6  27.129900 28.585115
7  26.128446 26.631894
8  24.815554 25.904706
9  25.065140 26.383229
10 22.534098 24.949624
11 23.035352 22.733462
12 21.345489 22.672876
13 22.873649 23.023089
14 22.095019 23.886925
15 22.618183 22.448828
16 20.681721 23.065974
17 23.651763 21.805250
18 23.832835 21.793818
19 23.556771 21.810733
20 22.986585 21.321840
21 23.169940 22.313056
22 22.948123 21.253807
23 22.219669 20.879660
24 22.385098 20.935016
