1 91.939899 91.950032 92.013648
2 85.303289 52.734217 85.575893
3 47.789439 46.871882 48.573421
4 36.387911 35.061422 47.939870
5 32.178854 31.479743 44.202792
6 32.187262 31.466080 44.092800
7 30.502761 29.443108 29.381239
8 27.633835 26.755390 32.276974
9 25.362503 24.373561 29.334736
10 29.837678 29.477009 37.098719
11 32.271917 30.456053 35.493528
12 30.439111 24.204243 31.028559
13 23.864191 23.186971 28.542984
14 23.821143 23.206499 28.411711
15 23.450409 22.969977 22.493836
16 23.227008 22.921764 24.938466
17 22.057890 21.833441 23.994449
18 22.013260 21.832169 23.979468
19 21.599421 21.250050 23.624404
20 21.375425 21.317616 23.654729
21 21.301550 21.204048 23.194266
22 21.272649 21.281459 23.107313
23 21.289793 21.326939 23.150959
24 21.264023 21.258173 23.213949
