1 26.073044 5.294422 5.077225 5.106312 5.396702 26.403106 5.554895 5.324820 5.120949 5.423585
2 14.709793 5.111902 4.907749 4.938673 3.479491 15.575431 3.667024 3.533397 3.436078 3.597597
3 14.093345 3.222034 3.184131 3.142930 3.275775 16.046155 3.735200 3.439661 3.504176 3.492629
4 9.318745 2.526317 2.462656 2.474136 2.572963 10.868671 2.734813 2.722554 2.663339 2.709083
5 8.788794 2.447884 2.386781 2.462112 2.557962 10.248644 2.787316 2.661346 2.603441 2.713994
6 8.741154 2.454169 2.393113 2.387224 2.487486 9.968811 2.730332 2.569142 2.576107 2.655741
7 8.298815 2.388074 2.333818 2.345807 2.422694 8.955458 2.667426 2.474865 2.479928 2.394052
8 6.598262 2.107252 2.132775 2.162089 2.113851 8.235995 2.376402 2.322930 2.257407 2.337924
9 6.526020 2.083001 2.113035 2.047094 2.093693 8.422135 2.265268 2.255594 2.215329 2.300138
10 6.514214 2.080801 2.041259 2.043239 2.096685 7.718447 2.219390 2.160412 2.278842 2.199769
11 6.529951 2.074053 2.033009 2.036345 2.091438 7.522947 2.124183 2.159809 2.115632 2.202562
12 6.491335 2.083218 2.046902 2.044086 2.091272 7.767909 2.183380 2.140729 2.126449 2.181421
13 6.002040 1.993905 1.955651 1.958113 2.010887 7.726924 2.136121 2.078375 2.113192 2.118702
14 5.995789 1.998576 1.956298 1.959447 2.009064 7.527573 2.158186 2.054001 2.024274 2.140284
15 5.926078 1.985624 1.938175 1.946159 1.999831 7.033956 2.126172 2.078349 2.045311 2.113819
16 5.409107 1.904469 1.863847 1.860789 1.893843 6.815916 2.097443 2.057908 2.011319 2.035260
17 5.475450 1.888352 1.851444 1.856499 1.890619 6.983041 2.067452 2.008067 1.983041 2.058597
18 5.399111 1.886164 1.846029 1.847863 1.874561 6.651461 2.068879 1.994201 1.960094 2.040350
19 5.368270 1.879628 1.847443 1.851460 1.876482 6.525270 2.025316 2.008650 1.968182 2.010146
20 5.360511 1.882999 1.845226 1.852495 1.894153 6.518693 2.031995 1.980082 1.985686 2.011659
21 5.333564 1.877457 1.853215 1.846789 1.889787 6.556120 2.025034 1.950290 1.946212 2.018649
22 5.348474 1.889161 1.859915 1.846253 1.883854 6.359494 2.004384 1.965432 1.941107 1.977662
23 5.358400 1.887581 1.850612 1.849792 1.887623 6.383763 2.004226 1.958308 2.017792 2.093365
24 5.368866 1.880334 1.853772 1.858724 1.875940 6.440755 2.022285 1.967219 1.958582 2.011440
