0 5 0.461742
0 10 0.527340
0 15 0.568161
0 20 0.613250
0 25 0.638264
0 30 0.666969
0 35 0.685245
0 40 0.694557
0 45 0.733937
0 50 0.752524
0 55 0.751183
0 60 0.762767
0 65 0.798634
0 70 0.810741
0 75 0.866720
0 80 0.834225
0 85 0.866414
0 90 0.881926
0 95 0.898408
0 100 0.868819
1 5 0.292189
1 10 0.346386
1 15 0.388654
1 20 0.417010
1 25 0.432072
1 30 0.458161
1 35 0.474252
1 40 0.485707
1 45 0.518642
1 50 0.526937
1 55 0.539973
1 60 0.538960
1 65 0.581803
1 70 0.590294
1 75 0.637982
1 80 0.608909
1 85 0.628182
1 90 0.652657
1 95 0.659607
1 100 0.654830
2 5 0.216679
2 10 0.260148
2 15 0.293782
2 20 0.324307
2 25 0.333693
2 30 0.354408
2 35 0.375787
2 40 0.389439
2 45 0.412269
2 50 0.425673
2 55 0.432603
2 60 0.440660
2 65 0.465412
2 70 0.485004
2 75 0.525095
2 80 0.551878
2 85 0.523077
2 90 0.541731
2 95 0.548328
2 100 0.575290
3 5 0.179258
3 10 0.234235
3 15 0.261958
3 20 0.294597
3 25 0.303451
3 30 0.325482
3 35 0.344876
3 40 0.358055
3 45 0.364079
3 50 0.375515
3 55 0.401891
3 60 0.408136
3 65 0.433169
3 70 0.425909
3 75 0.487708
3 80 0.478939
3 85 0.493466
3 90 0.500729
3 95 0.518218
3 100 0.514306
4 5 0.168831
4 10 0.208490
4 15 0.235347
4 20 0.269410
4 25 0.275849
4 30 0.299028
4 35 0.317194
4 40 0.337871
4 45 0.356895
4 50 0.367399
4 55 0.371496
4 60 0.386454
4 65 0.405301
4 70 0.413354
4 75 0.453784
4 80 0.439384
4 85 0.453925
4 90 0.476442
4 95 0.494872
4 100 0.496591
