0 5 0.437257
0 10 0.515392
0 15 0.550360
0 20 0.596216
0 25 0.619844
0 30 0.650567
0 35 0.669176
0 40 0.678157
0 45 0.717080
0 50 0.733291
0 55 0.737371
0 60 0.746497
0 65 0.782246
0 70 0.787819
0 75 0.843923
0 80 0.813452
0 85 0.839477
0 90 0.871234
0 95 0.876946
0 100 0.862539
1 5 0.287486
1 10 0.530047
1 15 0.592017
1 20 0.660004
1 25 0.705805
1 30 0.576480
1 35 0.608610
1 40 0.828404
1 45 0.887953
1 50 0.913134
1 55 0.946537
1 60 0.977075
1 65 0.839932
1 70 0.904836
1 75 0.968071
1 80 0.978684
1 85 1.026841
1 90 1.229769
1 95 1.253237
1 100 1.084131
2 5 0.203515
2 10 0.281639
2 15 0.349788
2 20 0.440838
2 25 0.482220
2 30 0.562437
2 35 0.605785
2 40 0.676404
2 45 0.739071
2 50 0.773695
2 55 0.843274
2 60 0.881919
2 65 0.898573
2 70 0.999218
2 75 1.055666
2 80 1.075124
2 85 1.143984
2 90 1.202720
2 95 1.225325
2 100 1.255906
3 5 0.174519
3 10 0.244849
3 15 0.311308
3 20 0.402600
3 25 0.442617
3 30 0.524566
3 35 0.599988
3 40 0.674466
3 45 0.744309
3 50 0.791940
3 55 0.866023
3 60 0.918874
3 65 0.939115
3 70 1.030080
3 75 1.110355
3 80 1.150957
3 85 1.242372
3 90 1.295759
3 95 1.331071
3 100 1.323951
4 5 0.163156
4 10 0.231532
4 15 0.293556
4 20 0.395096
4 25 0.437684
4 30 0.518135
4 35 0.590800
4 40 0.672970
4 45 0.742849
4 50 0.781595
4 55 0.854669
4 60 0.906778
4 65 0.951589
4 70 1.055451
4 75 1.145619
4 80 1.192529
4 85 1.254494
4 90 1.330770
4 95 1.373885
4 100 1.371726
