1 0.352311 0.354493 1.0061933916340962 1.0
2 0.485256 0.495166 1.4610556077616763 1.4318147853447127
3 0.790954 0.887189 1.344552274847842 1.198706250866501
4 0.779867 0.837264 1.8182228508194347 1.6935781306732405
5 1.155047 1.272005 1.5345392871458912 1.3934418496782637
6 1.291379 1.407894 1.6470439739224503 1.5107373140307438
7 1.462035 1.585314 1.697258273570742 1.5652741349663222
8 1.324116 1.413672 2.141764014633159 2.006083447928515
9 1.982263 2.230113 1.6094922823056275 1.4306167445326763
10 2.086951 2.272520 1.6986167859235795 1.5599114639255098
11 2.169949 2.303217 1.7970113583314633 1.6930332660795748
12 2.292004 2.363017 1.855981054134286 1.8002054153651879
13 2.328170 2.443900 1.9794125858506895 1.8856782192397397
14 2.427443 2.664162 2.044497852266768 1.8628379205168453
15 2.550145 2.809136 2.0851343747120263 1.8928934020994357
16 2.365279 2.721488 2.3979784203047503 2.084112808875145
17 3.685913 3.982631 1.6349764630906913 1.5131657941697334
18 3.758054 4.062482 1.6979197212174175 1.5706836362598038
19 3.673891 4.047699 1.8333061596002713 1.6639989781848898
20 3.925033 4.266963 1.8063185710795298 1.6615705362338506
21 3.851363 4.134732 1.9329138800990715 1.8004438981776814
22 3.978672 4.375876 1.9601630895937137 1.7822365167568734
23 4.152445 4.433059 1.963503189084985 1.839212832493319
24 3.946804 4.358751 2.1556256657285235 1.9518967704280425
